1.080000 0.480000 
1.890000 0.430000 
2.330000 0.920000 
3.200000 0.320000 
3.430000 0.910000 
3.580000 0.850000 
3.750000 0.780000 
4.050000 0.880000 
5.390000 0.980000 
5.420000 0.640000 
7.090000 0.840000 
7.620000 0.910000 
7.950000 0.680000 
8.180000 0.850000 
8.700000 0.590000 
9.740000 0.640000 
10.260000 0.400000 
10.790000 0.970000 
11.440000 0.580000 
11.690000 0.370000 
13.520000 0.280000 
14.460000 0.290000 
15.050000 0.310000 
15.560000 0.850000 
17.390000 0.290000 
17.570000 0.270000 
17.740000 0.400000 
18.080000 0.430000 
18.570000 0.980000 
18.730000 0.530000 
19.290000 0.640000 
19.780000 0.560000 
19.970000 0.800000 
22.040000 0.980000 
22.170000 1.010000 
22.910000 0.710000 
23.070000 0.450000 
23.190000 1.060000 
23.610000 0.720000 
23.640000 0.840000 
26.030000 1.060000 
26.850000 0.670000 
27.400000 0.840000 
27.670000 0.770000 
28.160000 0.640000 
28.210000 0.710000 
28.820000 0.420000 
29.070000 0.610000 
29.140000 0.310000 
29.860000 0.530000 
29.910000 0.490000 
30.570000 0.670000 
30.800000 0.730000 
31.880000 0.290000 
32.780000 0.470000 
33.210000 0.900000 
33.830000 0.700000 
34.210000 1.030000 
35.070000 0.700000 
35.480000 0.590000 
35.680000 0.320000 
35.940000 0.900000 
37.080000 1.020000 
37.920000 0.940000 
37.920000 0.670000 
38.260000 0.450000 
38.540000 1.020000 
38.620000 0.500000 
38.640000 0.890000 
39.090000 0.870000 
39.280000 0.260000 
39.410000 0.450000 
39.680000 0.330000 
39.690000 0.510000 
39.810000 0.980000 
40.790000 0.960000 
41.000000 1.060000 
41.020000 0.590000 
41.040000 1.030000 
41.620000 0.640000 
42.720000 0.680000 
43.430000 0.440000 
43.890000 1.030000 
44.410000 0.920000 
45.810000 1.060000 
46.310000 1.030000 
47.010000 0.520000 
47.290000 0.850000 
47.990000 0.280000 
48.420000 0.510000 
48.460000 0.680000 
49.020000 0.350000 
49.730000 0.370000 
49.780000 0.590000 
49.930000 0.380000 
50.600000 1.040000 
50.620000 0.360000 
50.700000 0.270000 
51.240000 0.850000 
51.270000 0.420000 
51.740000 0.750000 
51.820000 0.300000 
51.880000 0.340000 
52.080000 1.040000 
53.080000 0.760000 
53.250000 0.730000 
54.590000 0.370000 
57.040000 0.500000 
57.100000 0.330000 
57.660000 0.650000 
58.100000 0.920000 
58.110000 0.390000 
58.480000 0.660000 
61.150000 0.460000 
61.240000 0.420000 
62.230000 0.760000 
63.340000 0.630000 
64.220000 0.740000 
64.490000 0.930000 
64.890000 0.840000 
64.920000 0.650000 
65.140000 0.950000 
65.360000 0.730000 
65.860000 0.900000 
66.560000 0.900000 
67.750000 1.000000 
68.770000 1.050000 
69.300000 0.360000 
69.740000 0.770000 
71.740000 0.870000 
72.370000 0.410000 
72.650000 0.620000 
73.580000 0.490000 
73.600000 0.610000 
73.940000 0.820000 
75.230000 0.460000 
75.660000 0.700000 
75.970000 1.010000 
76.150000 0.640000 
76.920000 0.290000 
77.180000 0.460000 
77.200000 0.520000 
77.490000 0.400000 
78.350000 0.870000 
78.680000 0.440000 
79.390000 0.680000 
79.770000 0.730000 
80.790000 0.480000 
81.260000 0.700000 
82.240000 1.030000 
83.730000 0.780000 
83.740000 0.280000 
86.390000 0.410000 
86.780000 0.670000 
86.780000 0.740000 
87.140000 0.650000 
87.430000 1.020000 
88.370000 0.550000 
88.800000 0.300000 
89.010000 0.400000 
89.100000 0.780000 
89.570000 0.830000 
89.590000 0.520000 
89.800000 0.760000 
89.850000 1.070000 
91.000000 0.630000 
92.270000 0.460000 
93.290000 0.280000 
93.810000 0.720000 
94.200000 0.290000 
94.890000 1.030000 
95.050000 0.970000 
96.360000 1.020000 
97.520000 0.820000 
97.860000 0.550000 
97.930000 0.920000 
98.110000 0.820000 
99.780000 0.740000 
99.790000 1.010000 
100.470000 1.000000 
100.880000 1.060000 
101.380000 1.010000 
103.370000 0.800000 
105.950000 0.310000 
106.860000 0.920000 
107.620000 0.660000 
107.750000 0.770000 
108.520000 1.060000 
108.640000 0.700000 
108.930000 0.830000 
108.980000 0.790000 
109.430000 0.950000 
109.730000 0.970000 
109.880000 0.410000 
110.690000 0.700000 
110.750000 0.460000 
111.240000 0.420000 
112.630000 0.900000 
115.570000 0.640000 
115.920000 0.850000 
115.970000 1.040000 
116.550000 0.860000 
116.760000 0.720000 
116.840000 0.990000 
117.830000 0.680000 
118.150000 0.600000 
118.250000 0.830000 
118.370000 1.080000 
118.660000 0.740000 
119.400000 0.900000 
120.270000 0.830000 
121.340000 0.630000 
121.940000 0.930000 
122.170000 0.900000 
122.790000 1.030000 
124.250000 0.340000 
126.900000 0.710000 
127.060000 0.590000 
127.310000 0.250000 
128.390000 0.600000 
128.920000 0.450000 
129.370000 0.770000 
129.680000 1.080000 
129.860000 0.520000 
129.990000 0.800000 
130.060000 0.310000 
130.080000 0.320000 
131.780000 1.050000 
132.260000 0.820000 
132.750000 1.080000 
133.220000 0.450000 
134.060000 0.560000 
134.160000 0.280000 
134.320000 0.280000 
134.460000 0.270000 
134.770000 0.620000 
135.010000 0.910000 
135.190000 0.420000 
135.310000 0.460000 
135.670000 0.300000 
135.770000 0.300000 
136.310000 0.440000 
136.330000 0.360000 
138.270000 0.820000 
138.280000 1.020000 
138.690000 0.530000 
139.380000 0.580000 
139.540000 0.710000 
139.640000 0.880000 
139.700000 0.320000 
139.780000 0.400000 
139.850000 0.330000 
141.120000 1.010000 
141.130000 1.010000 
141.180000 0.440000 
142.380000 0.720000 
142.690000 0.730000 
142.800000 0.890000 
144.150000 0.260000 
144.280000 0.470000 
144.440000 1.030000 
144.560000 0.950000 
145.220000 0.270000 
146.050000 0.370000 
146.070000 0.600000 
146.300000 0.430000 
146.350000 0.700000 
146.420000 0.780000 
148.200000 1.070000 
148.240000 0.770000 
148.280000 0.980000 
149.590000 0.740000 
149.690000 0.870000 
150.390000 0.430000 
150.520000 0.880000 
150.560000 0.570000 
150.980000 0.890000 
152.250000 0.590000 
152.390000 1.050000 
152.670000 0.760000 
152.930000 0.540000 
153.700000 0.310000 
153.790000 0.720000 
153.870000 0.590000 
155.350000 0.710000 
155.410000 0.430000 
155.630000 0.380000 
156.740000 0.650000 
156.980000 1.000000 
157.020000 0.420000 
157.150000 0.500000 
157.240000 0.370000 
157.360000 0.780000 
157.610000 0.920000 
157.800000 0.810000 
157.800000 0.320000 
158.800000 0.720000 
159.100000 0.530000 
159.780000 0.760000 
159.820000 0.730000 
